Original X (6x4):
    3.0000    1.0000    4.0000    1.0000
    3.0000    1.0000    4.0000    1.0000
    3.0000    1.0000    4.0000    1.0000
    1.0000    2.0000    1.0000    3.0000
    1.0000    2.0000    1.0000    3.0000
    1.0000    2.0000    1.0000    3.0000

Factor U (6x2):
    0.5770    0.1696
    0.5770    0.1696
    0.5770    0.1696
    0.0202    0.5519
    0.0202    0.5519
    0.0202    0.5519

Factor V (2x4):
    4.7172    0.6748    6.4692    0.1363
    1.6397    3.5994    1.5757    5.4311

Reconstructed UV (6x4):
    3.0000    1.0000    4.0000    1.0000
    3.0000    1.0000    4.0000    1.0000
    3.0000    1.0000    4.0000    1.0000
    1.0000    2.0000    1.0000    3.0000
    1.0000    2.0000    1.0000    3.0000
    1.0000    2.0000    1.0000    3.0000

Frobenius reconstruction error: 0.0000
PASS: reconstruction error is negligible.